A
2
133377
131840
531
9
526
16
0.9116666666666667
0.9174074074074073
0.9148148148148149
0.9229166666666667
0.9202083333333333
0.9325333333333333
0.9316
0.9370370370370371
0.9612979797979798
0.9640619266401874
0.9304720251568078
0.9209008631120703
0.8846771906705699
0.9105257401689887
0.863473009002242
0.849219500756576
1026
1
4105
3
dim
13
2
8
2
254
526
16
0.8958333333333333
0.92
0.9007407407407407
0.9229166666666667
0.915
0.9365333333333333
0.9308
0.9369444444444445
0.9835050505050504
0.9846061816605295
0.9563544522305392
0.9393524383107272
0.9026635670962311
0.9246310579631408
0.8779967283033102
0.8607142135710564
1026
511
13
2
8
2
254
526
16
0.8908333333333333
0.9255555555555556
0.9022222222222221
0.9333333333333332
0.9241666666666667
0.9451999999999999
0.9377333333333334
0.9512962962962963
0.9944545454545455
0.9903707937794894
0.9682473727560683
0.9419808214575118
0.9037145487510889
0.9322130757780072
0.8836230447353417
0.8618659895945382
1026
511
13
2
8
2
254
526
16
0.8133333333333332
0.8303703703703704
0.8255555555555556
0.8241666666666667
0.8366666666666667
0.8434666666666666
0.8540000000000001
0.8595370370370371
0.898491341991342
0.8705954552708625
0.847309126365426
0.7759790822464181
0.7562196224384262
0.7128979515134454
0.7081973627628543
0.621341913838091
1026
511
13
2
8
2
254
526
16
0.76
0.7892592592592592
0.7496296296296296
0.76875
0.7733333333333333
0.7898666666666666
0.784
0.7880555555555556
0.9632575757575758
0.9525635109726575
0.9090314375050275
0.8517599206783594
0.8199232863070205
0.777910741561014
0.7652529069195596
0.6630460003138384
1026
511
13
2
8
2
254
526
16
0.7508333333333332
0.7848148148148149
0.7736625514403292
0.7902083333333333
0.7979166666666667
0.8218666666666666
0.8286666666666668
0.8504629629629629
0.9933333333333333
0.9786254368078738
0.9399605732611419
0.8744712307080565
0.8168454172233909
0.7953452457033384
0.7660500747292837
0.6579200311995257
1026
511
13
2
8
2
254
526
16
0.8172043010752689
0.745
0.7466666666666667
0.755
0.7524999999999999
0.7845
0.7875
0.801
0.946236559139785
0.9205
0.8654999999999999
0.8420782828282829
0.7652034632034632
0.7884617925504148
0.7151779416833597
0.6827607030511829
1026
511
13
2
8
2
254
526
16
0.7771739130434783
0.75
0.7266666666666667
0.7633333333333333
0.7524999999999999
0.8065000000000001
0.795
0.8110000000000001
0.9891304347826086
0.9825
0.9408333333333333
0.8959801587301587
0.8352016594516595
0.8481139226270805
0.7756343677822006
0.7283493153791741
1026
511
13
2
8
2
254
526
16
0.7819148936170213
0.7683333333333333
0.7676767676767676
0.8033333333333332
0.7883333333333333
0.8434999999999999
0.8240000000000001
0.8646666666666667
0.9946808510638298
0.996
0.961952861952862
0.9155840548340548
0.8585948773448773
0.8786077826542222
0.8003665697907184
0.7378703485336919
1026
511
13
2
8
2
254
1026
1
4105
5
names
16
9
4105
6
s100DC
4105
7
s1000DC
4105
8
s10000DC
4105
6
s100AN
4105
7
s1000AN
4105
8
s10000AN
4105
6
s100PW
4105
7
s1000PW
4105
8
s10000PW
254
