A
2
133377
131840
531
9
526
16
0.9516666666666667
0.9492592592592592
0.9437037037037037
0.95625
0.9497916666666667
0.9605333333333332
0.956
0.9575925925925926
0.9587676767676767
0.9619048371113589
0.9313032206119162
0.9217946804987375
0.8813406393805608
0.9087731168749635
0.8664031388409029
0.8450164604218304
1026
1
4105
3
dim
13
2
8
2
254
526
16
0.9425
0.9588888888888889
0.9381481481481481
0.95625
0.948125
0.9584
0.9445333333333333
0.9543518518518519
0.983479797979798
0.9860387605148475
0.9532483750548968
0.9390195968787981
0.906005510902935
0.9299692296647063
0.8796900989350792
0.8580397821269509
1026
511
13
2
8
2
254
526
16
0.9391666666666667
0.9614814814814815
0.9322222222222222
0.953125
0.9414583333333333
0.9588
0.9561333333333333
0.9570370370370371
0.9919696969696971
0.9929594450637929
0.9613084549910638
0.9440281277876075
0.9118845919670711
0.9324121380617987
0.8832553451546811
0.8647988945402258
1026
511
13
2
8
2
254
526
16
0.9075
0.8996296296296297
0.885925925925926
0.91125
0.8995833333333333
0.9042666666666667
0.9059999999999999
0.8994444444444444
0.9146277056277056
0.8967265376141336
0.8739000410408305
0.8209450719048468
0.7911944457742358
0.7622367644364122
0.7490041960754033
0.6603976827664907
1026
511
13
2
8
2
254
526
16
0.9083333333333333
0.9196296296296296
0.8874074074074073
0.9129166666666667
0.9022916666666667
0.9066666666666667
0.8952
0.9062962962962964
0.9826414141414141
0.9762215055475925
0.914291134854885
0.8841214271004428
0.8488669057653039
0.8323184482904692
0.7934149864131439
0.7044824904639364
1026
511
13
2
8
2
254
526
16
0.9166666666666667
0.9344444444444444
0.8896296296296297
0.905
0.905
0.9197333333333333
0.9177333333333334
0.9147222222222223
0.9916666666666667
0.9874211214711215
0.9272636155484385
0.8907757134935328
0.8557586797029062
0.8406206231432543
0.8061109949543553
0.7187293782552574
1026
511
13
2
8
2
254
526
16
0.84
0.8433333333333333
0.845
0.8766666666666667
0.8675
0.8959999999999999
0.8804999999999999
0.8903333333333333
0.95
0.9205
0.8871666666666667
0.8638203463203463
0.7952687590187589
0.8116442208462332
0.7531497635491443
0.7050391633270944
1026
511
13
2
8
2
254
526
16
0.82
0.8733333333333333
0.8583333333333333
0.885
0.8733333333333333
0.8965000000000001
0.87
0.8883333333333333
0.99
0.9841666666666667
0.924
0.9215858585858585
0.8512142857142857
0.8696623421298344
0.8028602723815572
0.7538869127235693
1026
511
13
2
8
2
254
526
16
0.84
0.875
0.8533333333333333
0.8925
0.8716666666666667
0.9035
0.9009999999999999
0.897
0.995
0.9983333333333333
0.9403333333333334
0.9208059163059162
0.875060606060606
0.8869053270430979
0.8056973618057209
0.7675508918395725
1026
511
13
2
8
2
254
1026
1
4105
5
names
16
9
4105
6
s100DC
4105
7
s1000DC
4105
8
s10000DC
4105
6
s100AN
4105
7
s1000AN
4105
8
s10000AN
4105
6
s100PW
4105
7
s1000PW
4105
8
s10000PW
254
