A
2
133377
131840
531
9
526
12
0.845
0.8844444444444445
0.8825925925925925
0.9025
0.91125
0.9229333333333334
0.8188257575757575
0.7880331438287961
0.6007344675453371
0.6130427225075655
0.4558563092305248
0.5911310982106746
1026
1
4105
3
dim
13
2
6
2
254
526
12
0.8408333333333333
0.887037037037037
0.8907407407407407
0.9104166666666668
0.920625
0.9378666666666666
0.8865241702741703
0.8163433937322954
0.6173673573608356
0.6160747737701172
0.4632330633984546
0.5917495538444792
1026
511
13
2
6
2
254
526
12
0.8516666666666667
0.904074074074074
0.9114814814814816
0.9335416666666667
0.9483333333333333
0.9596000000000001
0.8925808080808081
0.8292498973651148
0.6247980227501967
0.623592537946722
0.4614957030452936
0.5861774493084549
1026
511
13
2
6
2
254
526
12
0.6691919191919192
0.7233333333333333
0.7507407407407407
0.7804166666666668
0.784375
0.8059999999999999
0.5901336598306295
0.471378308362741
0.3945109169076089
0.3134027465120181
0.2550495035621918
0.2515292900672297
1026
511
13
2
6
2
254
526
12
0.5933333333333334
0.6833333333333332
0.7140740740740741
0.749375
0.7627083333333333
0.8010666666666667
0.7808520923520923
0.5649155460249955
0.4500225012013307
0.3525644450926852
0.2931822832320859
0.2810605356799227
1026
511
13
2
6
2
254
526
12
0.6366666666666666
0.7422222222222221
0.8270370370370371
0.8389583333333333
0.8827083333333333
0.8958666666666667
0.8330887445887446
0.6354112142553757
0.4676819497645383
0.3775399177011196
0.2892457981131613
0.2801342126557751
1026
511
13
2
6
2
254
526
12
0.6688311688311688
0.6466666666666667
0.6228956228956228
0.6675
0.6858333333333333
0.7240000000000001
0.6688311688311688
0.5953333333333333
0.4215488215488216
0.352788961038961
0.1999044011544012
0.3167862872421696
1026
511
13
2
6
2
254
526
12
0.7073170731707317
0.6783333333333332
0.7016666666666667
0.725
0.7491666666666668
0.794
0.8170731707317073
0.7051666666666666
0.4876666666666666
0.4127633477633478
0.2582734487734488
0.3520752717784452
1026
511
13
2
6
2
254
526
12
0.7443181818181818
0.7566666666666667
0.79
0.8241666666666667
0.8341666666666667
0.8645
0.8863636363636364
0.7573333333333333
0.52
0.4426154401154401
0.3058199855699856
0.3607245576061366
1026
511
13
2
6
2
254
1026
1
4105
5
names
16
9
4105
6
s100DC
4105
7
s1000DC
4105
8
s10000DC
4105
6
s100AN
4105
7
s1000AN
4105
8
s10000AN
4105
6
s100PW
4105
7
s1000PW
4105
8
s10000PW
254
