A
2
133377
131840
531
9
526
12
0.915
0.9381481481481481
0.9255555555555556
0.9402083333333333
0.9429166666666667
0.9504
0.825780303030303
0.7904315411641498
0.6090617297356428
0.6202057351132093
0.4650922890791609
0.5897202247197938
1026
1
4105
3
dim
13
2
6
2
254
526
12
0.9083333333333333
0.9411111111111111
0.9188888888888889
0.9441666666666667
0.9466666666666668
0.9536
0.8980663780663781
0.8208338777164864
0.6380861817731384
0.6251202223736417
0.4784972448659253
0.5908921777265819
1026
511
13
2
6
2
254
526
12
0.9116666666666667
0.9437037037037037
0.9203703703703704
0.9435416666666667
0.945
0.9653333333333333
0.9134040404040404
0.8434790125333603
0.6399644321057365
0.634641103097037
0.4732720855510331
0.5966961005896808
1026
511
13
2
6
2
254
526
12
0.8266666666666667
0.8688888888888888
0.8648148148148148
0.8814583333333332
0.89
0.8969333333333332
0.6901020923520923
0.5864975383306114
0.474897290112982
0.4077308522764211
0.3416848866781628
0.3151705613892234
1026
511
13
2
6
2
254
526
12
0.8666666666666667
0.9051851851851852
0.8762962962962964
0.9045833333333333
0.9183333333333333
0.9259999999999999
0.8756222943722943
0.702008161018822
0.5579688501183386
0.4596496378948414
0.372834421629752
0.3363381964315413
1026
511
13
2
6
2
254
526
12
0.9016666666666667
0.9218518518518519
0.9033333333333333
0.9289583333333333
0.9258333333333333
0.9446666666666667
0.9042803030303029
0.7481768179485571
0.5635933742974395
0.4829399921190321
0.3737345642563051
0.3500808623456176
1026
511
13
2
6
2
254
526
12
0.7864583333333334
0.8533333333333333
0.805
0.8483333333333333
0.8366666666666667
0.8684999999999999
0.765625
0.6648333333333334
0.523
0.4611608946608946
0.3201118326118326
0.3776955369192211
1026
511
13
2
6
2
254
526
12
0.835
0.8633333333333333
0.8433333333333333
0.8716666666666667
0.8741666666666668
0.8809999999999999
0.875
0.7591666666666668
0.5893333333333333
0.4753971861471862
0.3360757575757576
0.4029016966435697
1026
511
13
2
6
2
254
526
12
0.845
0.885
0.855
0.8675
0.8741666666666668
0.9129999999999999
0.895
0.8228333333333333
0.6178333333333333
0.5008066378066378
0.3522546897546898
0.3987632561796648
1026
511
13
2
6
2
254
1026
1
4105
5
names
16
9
4105
6
s100DC
4105
7
s1000DC
4105
8
s10000DC
4105
6
s100AN
4105
7
s1000AN
4105
8
s10000AN
4105
6
s100PW
4105
7
s1000PW
4105
8
s10000PW
254
