A
2
133377
131840
531
9
526
16
0.9483333333333333
0.9603703703703704
0.9603703703703704
0.97
0.965625
0.9669333333333333
0.9714666666666666
0.9761111111111112
0.9291666666666667
0.928604131054131
0.8857675213675213
0.8775089610256123
0.8297284933049273
0.8803528064996532
0.842948257731009
0.8386900922420711
1026
1
4105
3
dim
13
2
8
2
254
526
16
0.9216666666666667
0.9348148148148148
0.9318518518518517
0.9377083333333333
0.9302083333333333
0.9441333333333333
0.9446666666666667
0.9502777777777777
0.9608333333333333
0.9587583983649201
0.9208431134083308
0.9123291778435406
0.8669732732063034
0.9106446785834632
0.8735506295661363
0.8678869312629485
1026
511
13
2
8
2
254
526
16
0.9083333333333333
0.9307407407407408
0.9129629629629629
0.9216666666666667
0.9160416666666668
0.9370666666666666
0.9272
0.9367592592592593
0.979719696969697
0.9757473863495602
0.9504213016452147
0.9442772044903647
0.8959266268497629
0.9354613941748876
0.9033005619417568
0.897072210534658
1026
511
13
2
8
2
254
526
16
0.8983333333333333
0.9403703703703704
0.9399999999999999
0.9583333333333333
0.9454166666666667
0.9512
0.9590666666666666
0.9651851851851851
0.8224015151515151
0.7897116640203596
0.7198197171399218
0.6973768661230163
0.6330467162673968
0.6574531520404086
0.6258338468430887
0.5789989784361758
1026
511
13
2
8
2
254
526
16
0.8350168350168351
0.8440740740740741
0.8418518518518517
0.8439583333333333
0.8227083333333333
0.8496000000000001
0.8512000000000001
0.8571296296296296
0.9012090602999694
0.8761838067750538
0.8051574530599197
0.7847160783682969
0.7264442148915232
0.7406184963829965
0.7047941694769349
0.6513680427397479
1026
511
13
2
8
2
254
526
16
0.78
0.8100000000000001
0.7762962962962964
0.76125
0.7208333333333333
0.7553333333333333
0.7438666666666667
0.7457407407407408
0.9591991341991342
0.9380187911927043
0.8884150905004519
0.8913006966307386
0.8338361700106772
0.8459097911049674
0.8089436436291512
0.7679393400963379
1026
511
13
2
8
2
254
526
16
0.8737373737373737
0.875
0.8733333333333333
0.8975
0.8991666666666667
0.894
0.9085
0.9253333333333333
0.803030303030303
0.7916666666666667
0.6945
0.7002929292929294
0.6256414141414142
0.7011989164086687
0.632953861369109
0.6201365416193002
1026
511
13
2
8
2
254
526
16
0.7684210526315789
0.7866666666666667
0.7816666666666667
0.8058333333333333
0.795
0.82
0.8315
0.8433333333333334
0.9
0.8875
0.8109999999999999
0.7875678210678211
0.7199361471861472
0.7872907268170427
0.7012517525903749
0.6919172855852017
1026
511
13
2
8
2
254
526
16
0.7684210526315789
0.7766666666666667
0.725
0.7566666666666667
0.7575
0.795
0.7759999999999999
0.8013333333333335
0.9578947368421052
0.9386666666666668
0.8938333333333334
0.8993437950937951
0.7986020923520925
0.8760054479833892
0.7895132845740431
0.7770928062216036
1026
511
13
2
8
2
254
1026
1
4105
5
names
16
9
4105
6
s100DC
4105
7
s1000DC
4105
8
s10000DC
4105
6
s100AN
4105
7
s1000AN
4105
8
s10000AN
4105
6
s100PW
4105
7
s1000PW
4105
8
s10000PW
254
