A
2
133377
131840
531
9
526
12
0.9233333333333333
0.9477777777777777
0.9511111111111111
0.963125
0.9725
0.972
0.754469696969697
0.7622157128700607
0.5863537222841571
0.578966252487876
0.4410203410142124
0.566947858461808
1026
1
4105
3
dim
13
2
6
2
254
526
12
0.8816666666666667
0.8933333333333333
0.8922222222222221
0.9077083333333333
0.918125
0.9257333333333334
0.8019444444444445
0.8257890016585669
0.63614542486499
0.6203020084811131
0.4710339713567269
0.6034225426137398
1026
511
13
2
6
2
254
526
12
0.8575
0.9025925925925925
0.8855555555555555
0.899375
0.8964583333333332
0.9212
0.8585959595959597
0.870767770554727
0.6826919721984939
0.6598909913993587
0.5076810845508437
0.6343082335845822
1026
511
13
2
6
2
254
526
12
0.8483333333333333
0.9074074074074073
0.917037037037037
0.94625
0.9629166666666668
0.9618666666666666
0.4919848484848485
0.3886206422275073
0.3223816840969015
0.2602863417521027
0.2301929106093155
0.2338066636573885
1026
511
13
2
6
2
254
526
12
0.6891666666666667
0.6714814814814816
0.6944444444444444
0.7285416666666668
0.7672916666666667
0.7710666666666667
0.6417435064935064
0.5446923946944406
0.4461436433445856
0.3455707207583089
0.2990909905104041
0.3024956903228278
1026
511
13
2
6
2
254
526
12
0.6203703703703703
0.6177777777777778
0.6292592592592592
0.593125
0.5895833333333333
0.6306666666666667
0.8069526433162797
0.7797320168188253
0.6167965082066744
0.525227411925119
0.4498893275524822
0.452203309255417
1026
511
13
2
6
2
254
526
12
0.8385416666666666
0.8316666666666667
0.8583333333333333
0.8866666666666667
0.9183333333333333
0.9105
0.4791666666666667
0.4576666666666667
0.3016666666666667
0.269729797979798
0.156280303030303
0.2631951754385965
1026
511
13
2
6
2
254
526
12
0.7197802197802198
0.6483333333333333
0.6783333333333332
0.7208333333333333
0.7416666666666667
0.7635
0.5934065934065934
0.6551666666666667
0.393
0.3444173881673882
0.2043986291486291
0.3363306281351947
1026
511
13
2
6
2
254
526
12
0.7043010752688172
0.7083333333333333
0.6683333333333333
0.6975
0.6708333333333333
0.7495000000000001
0.7849462365591398
0.8045
0.5468333333333333
0.4888852813852814
0.315260101010101
0.4448350673234575
1026
511
13
2
6
2
254
1026
1
4105
5
names
16
9
4105
6
s100DC
4105
7
s1000DC
4105
8
s10000DC
4105
6
s100AN
4105
7
s1000AN
4105
8
s10000AN
4105
6
s100PW
4105
7
s1000PW
4105
8
s10000PW
254
