A
2
133377
131840
531
9
526
12
0.9441666666666667
0.9555555555555556
0.9562962962962963
0.969375
0.9760416666666667
0.9750666666666667
0.7531969696969696
0.762665811965812
0.5868512043512044
0.5772245127033517
0.4394752286977079
0.5668363131398536
1026
1
4105
3
dim
13
2
6
2
254
526
12
0.9216666666666667
0.9244444444444444
0.9114814814814816
0.9214583333333333
0.9266666666666667
0.9336
0.8028282828282828
0.8258471241319068
0.6473050155963199
0.6263586169054421
0.4762074609649776
0.6069346845497542
1026
511
13
2
6
2
254
526
12
0.8991666666666667
0.924074074074074
0.9114814814814816
0.9202083333333333
0.9020833333333332
0.93
0.8632287157287157
0.8778106424171642
0.6473050155963199
0.6632483476133514
0.5167210740910131
0.6383702339500562
1026
511
13
2
6
2
254
526
12
0.8816666666666667
0.9103703703703704
0.9188888888888889
0.9495833333333333
0.965625
0.9625333333333334
0.5168315295815296
0.4029027836715614
0.3369331931184334
0.2645130788570109
0.2304805273229186
0.238078488621353
1026
511
13
2
6
2
254
526
12
0.8233333333333333
0.7696296296296297
0.762962962962963
0.7510416666666667
0.77375
0.7906666666666666
0.6862272727272728
0.6045430063372014
0.5034440025165056
0.3819116114126042
0.3270950627368519
0.3327542156412042
1026
511
13
2
6
2
254
526
12
0.7991666666666667
0.8044444444444444
0.762962962962963
0.73875
0.7152083333333333
0.7610666666666667
0.836488455988456
0.8183361513971488
0.5034440025165056
0.5455690622086555
0.4676723702242879
0.4568524636436511
1026
511
13
2
6
2
254
526
12
0.8402061855670103
0.8533333333333333
0.87
0.9033333333333333
0.9266666666666667
0.9215000000000001
0.4742268041237113
0.4601666666666667
0.3095
0.269189393939394
0.1572121212121212
0.2644966460268318
1026
511
13
2
6
2
254
526
12
0.7783505154639175
0.7583333333333333
0.74
0.7683333333333333
0.7783333333333333
0.7979999999999999
0.634020618556701
0.6743333333333333
0.4421666666666667
0.3800840548340548
0.2315598845598846
0.3545036195314833
1026
511
13
2
6
2
254
526
12
0.7929292929292929
0.8033333333333332
0.74
0.7875
0.7308333333333333
0.804
0.797979797979798
0.8221666666666667
0.4421666666666667
0.5139642857142858
0.3545865800865801
0.4597417479751071
1026
511
13
2
6
2
254
1026
1
4105
5
names
16
9
4105
6
s100DC
4105
7
s1000DC
4105
8
s10000DC
4105
6
s100AN
4105
7
s1000AN
4105
8
s10000AN
4105
6
s100PW
4105
7
s1000PW
4105
8
s10000PW
254
