A
2
133377
131840
531
9
526
16
0.9575
0.9655555555555556
0.9633333333333333
0.9702083333333333
0.968125
0.9697333333333333
0.9725333333333332
0.9779629629629629
0.9289696969696969
0.9263254242536851
0.887195392047566
0.8783662889300031
0.8299919409007355
0.8788853899946926
0.843369964118083
0.8385371404124892
1026
1
4105
3
dim
13
2
8
2
254
526
16
0.945
0.9477777777777777
0.9425925925925925
0.9445833333333333
0.9408333333333333
0.9548000000000001
0.9506666666666667
0.9556481481481481
0.9589090909090909
0.9610790727790728
0.922847777102125
0.9165046547170224
0.8724438075521183
0.912914734429735
0.8778343963278652
0.8705522042350096
1026
511
13
2
8
2
254
526
16
0.9358333333333333
0.9540740740740741
0.9425925925925925
0.9360416666666667
0.9327083333333333
0.9512
0.9388
0.9448148148148148
0.9785757575757575
0.9779532763532763
0.922847777102125
0.9472507460399306
0.9001758304254394
0.9376371461767635
0.9077524000352483
0.8995099045248487
1026
511
13
2
8
2
254
526
16
0.9233333333333333
0.9496296296296296
0.9403703703703704
0.954375
0.946875
0.9497333333333333
0.9568000000000001
0.9638888888888889
0.8286742424242424
0.7967518537822886
0.7279625015885886
0.7027309733062895
0.6403086057042546
0.6614237186563551
0.6307146368656427
0.5833315184712611
1026
511
13
2
8
2
254
526
16
0.9
0.8811111111111112
0.8777777777777778
0.8618749999999999
0.8545833333333333
0.8784000000000001
0.8622666666666667
0.8711111111111112
0.9105
0.8944475392045623
0.8201655821485914
0.8033677429254528
0.7594916990161714
0.7621590126317179
0.7260990532910988
0.6724498588656576
1026
511
13
2
8
2
254
526
16
0.8825
0.9022222222222221
0.8777777777777778
0.8379166666666668
0.8308333333333333
0.8465333333333334
0.8258666666666667
0.8250925925925925
0.9592626262626263
0.9495987337943859
0.8201655821485914
0.9037813983719915
0.8449583156201408
0.8622699348457472
0.829515533125859
0.7771892475729474
1026
511
13
2
8
2
254
526
16
0.875
0.8866666666666667
0.88
0.905
0.8991666666666667
0.904
0.9105
0.9326666666666666
0.8100000000000001
0.7861666666666668
0.7055
0.6994898989898989
0.63070670995671
0.6981143790849673
0.6331959924320606
0.6215775251568355
1026
511
13
2
8
2
254
526
16
0.7929292929292929
0.8266666666666667
0.82
0.8291666666666667
0.8291666666666667
0.858
0.8540000000000001
0.8686666666666667
0.9040404040404041
0.8963333333333334
0.8163333333333334
0.8014379509379509
0.7426374458874458
0.8003182413991238
0.7193479839304143
0.703491271890972
1026
511
13
2
8
2
254
526
16
0.803030303030303
0.8533333333333333
0.82
0.8141666666666667
0.8233333333333333
0.857
0.826
0.8456666666666667
0.9545454545454546
0.9470000000000001
0.8163333333333334
0.8997752525252526
0.819015873015873
0.8840252464683579
0.8087474171854977
0.7890934647062083
1026
511
13
2
8
2
254
1026
1
4105
5
names
16
9
4105
6
s100DC
4105
7
s1000DC
4105
8
s10000DC
4105
6
s100AN
4105
7
s1000AN
4105
8
s10000AN
4105
6
s100PW
4105
7
s1000PW
4105
8
s10000PW
254
