A
2
133377
131840
531
9
526
12
0.946969696969697
0.8833333333333334
0.9371492704826038
0.8881172839506172
0.8860416666666667
0.7855750487329435
1
1
1
1
1
1
1026
1
4105
3
dim
13
2
6
2
254
526
12
1
1
1
1
1
1
0.9833333333333333
0.925
0.9674074074074075
0.9025925925925925
0.9372916666666667
0.8588888888888888
1026
511
13
2
6
2
254
526
12
0.9006734006734007
0.8271929824561403
0.9038533482977927
0.8518518518518517
0.7559454191033138
0.8570833333333333
1
1
1
1
1
1
1026
511
13
2
6
2
254
526
12
0.9343434343434344
0.8675438596491228
0.912832023943135
0.8703703703703703
0.835
0.7473684210526316
1
1
1
1
1
1
1026
511
13
2
6
2
254
526
12
1
1
1
1
1
1
0.9775
0.9283333333333332
0.9644444444444444
0.9018518518518519
0.9350000000000001
0.8596296296296296
1026
511
13
2
6
2
254
526
12
0.7763605442176871
0.6991228070175439
0.7699214365881032
0.710648148148148
0.6194931773879142
0.6875
1
1
1
1
1
1
1026
511
13
2
6
2
254
526
12
0.8469387755102041
0.8
0.8737373737373737
0.8333333333333334
0.8266666666666667
0.7105263157894737
1
1
1
1
1
1
1026
511
13
2
6
2
254
526
12
1
1
1
1
1
1
0.995
0.97
0.975
0.9350000000000001
0.96
0.9066666666666667
1026
511
13
2
6
2
254
526
12
0.7784090909090909
0.7471264367816092
0.7878787878787878
0.734375
0.6175438596491227
0.7391666666666667
1
1
1
1
1
1
1026
511
13
2
6
2
254
1026
1
4105
5
names
16
9
4105
8
sTsfciDC
4105
5
sGrDC
4105
6
sFciDC
4105
8
sTsfciAN
4105
5
sGrAN
4105
6
sFciAN
4105
8
sTsfciPW
4105
5
sGrPW
4105
6
sFciPW
254
