A
2
133377
131840
531
9
526
8
0.8739583333333334
0.6666666666666666
0.8433977455716587
0.5550108932461874
1
1
1
1
1026
1
4105
3
dim
13
2
4
2
254
526
8
1
1
1
1
0.8808333333333332
0.7658333333333333
0.9037037037037037
0.7544444444444445
1026
511
13
2
4
2
254
526
8
0.8197916666666666
0.6160130718954249
0.8047504025764896
0.5288671023965141
1
1
1
1
1026
511
13
2
4
2
254
526
8
0.859375
0.6094771241830065
0.8244766505636071
0.5032679738562091
1
1
1
1
1026
511
13
2
4
2
254
526
8
1
1
1
1
0.9183333333333333
0.8366666666666667
0.9470370370370371
0.8488888888888888
1026
511
13
2
4
2
254
526
8
0.6239316239316239
0.42
0.572463768115942
0.3507625272331155
1
1
1
1
1026
511
13
2
4
2
254
526
8
0.7875
0.62
0.8097826086956522
0.5122549019607844
1
1
1
1
1026
511
13
2
4
2
254
526
8
1
1
1
1
0.9399999999999999
0.95
0.9533333333333333
0.915
1026
511
13
2
4
2
254
526
8
0.7094594594594594
0.5641025641025641
0.7106227106227107
0.4583333333333333
1
1
1
1
1026
511
13
2
4
2
254
1026
1
4105
5
names
16
9
4105
8
sTsfciDC
4105
5
sGrDC
4105
6
sFciDC
4105
8
sTsfciAN
4105
5
sGrAN
4105
6
sFciAN
4105
8
sTsfciPW
4105
5
sGrPW
4105
6
sFciPW
254
